{
 "cells": [
  {
   "cell_type": "code",
   "execution_count": 5,
   "id": "9f7f2b34",
   "metadata": {},
   "outputs": [
    {
     "name": "stdout",
     "output_type": "stream",
     "text": [
      "Defaulting to user installation because normal site-packages is not writeable\n",
      "Requirement already satisfied: numpy in c:\\users\\namratha r\\appdata\\local\\packages\\pythonsoftwarefoundation.python.3.13_qbz5n2kfra8p0\\localcache\\local-packages\\python313\\site-packages (2.4.2)\n",
      "Note: you may need to restart the kernel to use updated packages.\n"
     ]
    },
    {
     "name": "stderr",
     "output_type": "stream",
     "text": [
      "\n",
      "[notice] A new release of pip is available: 25.3 -> 26.0.1\n",
      "[notice] To update, run: C:\\Users\\Namratha R\\AppData\\Local\\Microsoft\\WindowsApps\\PythonSoftwareFoundation.Python.3.13_qbz5n2kfra8p0\\python.exe -m pip install --upgrade pip\n"
     ]
    }
   ],
   "source": [
    "pip install numpy"
   ]
  },
  {
   "cell_type": "code",
   "execution_count": 4,
   "id": "627984d1",
   "metadata": {},
   "outputs": [],
   "source": [
    "import numpy as np"
   ]
  },
  {
   "cell_type": "markdown",
   "id": "34068a37",
   "metadata": {},
   "source": [
    "\n",
    "# Exercise 1: Create Arrays\n",
    "# 1. Create a 1D NumPy array containing the numbers 1 through 20.\n"
   ]
  },
  {
   "cell_type": "code",
   "execution_count": 6,
   "id": "47c58997",
   "metadata": {},
   "outputs": [
    {
     "name": "stdout",
     "output_type": "stream",
     "text": [
      "1D Array from 1 to 19: [ 1  2  3  4  5  6  7  8  9 10 11 12 13 14 15 16 17 18 19]\n"
     ]
    }
   ],
   "source": [
    "# 1. Create a 1D NumPy array containing the numbers 1 through 20.\n",
    "array_1 = np.arange(1, 20)\n",
    "print(\"1D Array from 1 to 19:\", array_1)"
   ]
  },
  {
   "cell_type": "markdown",
   "id": "55747a22",
   "metadata": {},
   "source": [
    "2.Reshape the array into a 4*5 matrix"
   ]
  },
  {
   "cell_type": "code",
   "execution_count": 26,
   "id": "bd33e71b",
   "metadata": {},
   "outputs": [
    {
     "name": "stdout",
     "output_type": "stream",
     "text": [
      "[ 1  2  3  4  5  6  7  8  9 10 11 12 13 14 15 16 17 18 19 20]\n",
      "Reshaped 4x5 Array:\n",
      " [[ 1  2  3  4  5]\n",
      " [ 6  7  8  9 10]\n",
      " [11 12 13 14 15]\n",
      " [16 17 18 19 20]]\n"
     ]
    }
   ],
   "source": [
    "# 2. Reshape a 1D array of size 20 into a 4x5 matrix.\n",
    "array_11=np.arange(1, 21)\n",
    "print(array_11)\n",
    "reshaped_array = array_11.reshape(4, 5)\n",
    "print(\"Reshaped 4x5 Array:\\n\", reshaped_array)"
   ]
  },
  {
   "cell_type": "markdown",
   "id": "88a788e0",
   "metadata": {},
   "source": [
    "3.Finding of MEAN,MEDIAN,MODE"
   ]
  },
  {
   "cell_type": "code",
   "execution_count": 28,
   "id": "bc90f0ea",
   "metadata": {},
   "outputs": [
    {
     "name": "stdout",
     "output_type": "stream",
     "text": [
      "\n",
      "Mean: 10.0\n",
      "Median: 10.0\n",
      "Standard Deviation: 5.477225575051661\n"
     ]
    }
   ],
   "source": [
    "\n",
    "\n",
    "# 3. Find mean, median, and standard deviation\n",
    "mean_val = np.mean(array_1)\n",
    "median_val = np.median(array_1)\n",
    "std_val = np.std(array_1)\n",
    "\n",
    "print(\"\\nMean:\", mean_val)\n",
    "print(\"Median:\", median_val)\n",
    "print(\"Standard Deviation:\", std_val)\n",
    "\n",
    "\n"
   ]
  },
  {
   "cell_type": "markdown",
   "id": "3c117474",
   "metadata": {},
   "source": [
    "4.Extract all even Numbers from the array"
   ]
  },
  {
   "cell_type": "code",
   "execution_count": 33,
   "id": "085674e3",
   "metadata": {},
   "outputs": [
    {
     "name": "stdout",
     "output_type": "stream",
     "text": [
      "\n",
      "Even Numbers:\n",
      " [ 2  4  6  8 10 12 14 16 18 20]\n"
     ]
    }
   ],
   "source": [
    "# 4. Extract all even numbers\n",
    "even_numbers = array_11[array_11 % 2 == 0]\n",
    "print(\"\\nEven Numbers:\\n\", even_numbers)\n"
   ]
  },
  {
   "cell_type": "markdown",
   "id": "b5af7cd2",
   "metadata": {},
   "source": [
    "5.Generate a Random 5*5 matrix \n",
    "-Transpose of Random Matrix"
   ]
  },
  {
   "cell_type": "code",
   "execution_count": 34,
   "id": "62f305f0",
   "metadata": {},
   "outputs": [
    {
     "name": "stdout",
     "output_type": "stream",
     "text": [
      "\n",
      "Random 5x5 Matrix:\n",
      " [[0.74915829 0.71837711 0.09181715 0.54501241 0.62913801]\n",
      " [0.13536094 0.80784096 0.73474126 0.04760553 0.20136239]\n",
      " [0.08270088 0.15625265 0.38853094 0.80160248 0.0947574 ]\n",
      " [0.21958215 0.11456443 0.99095971 0.16842802 0.24615994]\n",
      " [0.30266734 0.79888171 0.678933   0.41558414 0.93435726]]\n",
      "\n",
      "Transpose of Random Matrix:\n",
      " [[0.74915829 0.13536094 0.08270088 0.21958215 0.30266734]\n",
      " [0.71837711 0.80784096 0.15625265 0.11456443 0.79888171]\n",
      " [0.09181715 0.73474126 0.38853094 0.99095971 0.678933  ]\n",
      " [0.54501241 0.04760553 0.80160248 0.16842802 0.41558414]\n",
      " [0.62913801 0.20136239 0.0947574  0.24615994 0.93435726]]\n"
     ]
    }
   ],
   "source": [
    "# 5. Generate a random 5x5 matrix and compute its transpose\n",
    "random_matrix = np.random.rand(5, 5)\n",
    "transpose_matrix = random_matrix.T\n",
    "\n",
    "print(\"\\nRandom 5x5 Matrix:\\n\", random_matrix)\n",
    "print(\"\\nTranspose of Random Matrix:\\n\", transpose_matrix)\n",
    "\n",
    "\n",
    "\n",
    "\n",
    "\n",
    "\n"
   ]
  }
 ],
 "metadata": {
  "kernelspec": {
   "display_name": "Python 3",
   "language": "python",
   "name": "python3"
  },
  "language_info": {
   "codemirror_mode": {
    "name": "ipython",
    "version": 3
   },
   "file_extension": ".py",
   "mimetype": "text/x-python",
   "name": "python",
   "nbconvert_exporter": "python",
   "pygments_lexer": "ipython3",
   "version": "3.13.12"
  }
 },
 "nbformat": 4,
 "nbformat_minor": 5
}
